3 1 2 2 2 72 12 0.9
0 0
1 0
2 0
WAIT
RECOVER
FALSEALARM
ATTACK
o_0
o_1
0 1
0 1
0 1
0 1
0 0 0 0 0 0.06
0 0 0 1 0 0.04000000000000001
0 0 0 0 1 0.12
0 0 0 1 1 0.08000000000000002
0 0 0 0 2 0.42
0 0 0 1 2 0.27999999999999997
0 0 1 0 0 0.1
0 0 1 1 0 0.1
0 0 1 0 1 0.15
0 0 1 1 1 0.15
0 0 1 0 2 0.25
0 0 1 1 2 0.25
0 1 0 0 0 0.3
0 1 0 1 0 0.2
0 1 0 0 1 0.18
0 1 0 1 1 0.12
0 1 0 0 2 0.12
0 1 0 1 2 0.08000000000000002
0 1 1 0 0 0.15
0 1 1 1 0 0.15
0 1 1 0 1 0.2
0 1 1 1 1 0.2
0 1 1 0 2 0.15
0 1 1 1 2 0.15
1 0 0 0 0 0.18
1 0 0 1 0 0.12
1 0 0 0 1 0.24
1 0 0 1 1 0.16000000000000003
1 0 0 0 2 0.18
1 0 0 1 2 0.12
1 0 1 0 0 0.2
1 0 1 1 0 0.2
1 0 1 0 1 0.15
1 0 1 1 1 0.15
1 0 1 0 2 0.15
1 0 1 1 2 0.15
1 1 0 0 0 0.18
1 1 0 1 0 0.12
1 1 0 0 1 0.3
1 1 0 1 1 0.2
1 1 0 0 2 0.12
1 1 0 1 2 0.08000000000000002
1 1 1 0 0 0.25
1 1 1 1 0 0.25
1 1 1 0 1 0.2
1 1 1 1 1 0.2
1 1 1 0 2 0.05
1 1 1 1 2 0.05
2 0 0 0 0 0.12
2 0 0 1 0 0.08000000000000002
2 0 0 0 1 0.12
2 0 0 1 1 0.08000000000000002
2 0 0 0 2 0.36
2 0 0 1 2 0.24
2 0 1 0 0 0.15
2 0 1 1 0 0.15
2 0 1 0 1 0.15
2 0 1 1 1 0.15
2 0 1 0 2 0.2
2 0 1 1 2 0.2
2 1 0 0 0 0.24
2 1 0 1 0 0.16000000000000003
2 1 0 0 1 0.18
2 1 0 1 1 0.12
2 1 0 0 2 0.18
2 1 0 1 2 0.12
2 1 1 0 0 0.1
2 1 1 1 0 0.1
2 1 1 0 1 0.25
2 1 1 1 1 0.25
2 1 1 0 2 0.15
2 1 1 1 2 0.15
0 0 0 -1.0
0 0 1 -1.0
0 1 0 -4.0
0 1 1 -4.0
1 0 0 -2.0
1 0 1 -2.0
1 1 0 -5.0
1 1 1 -5.0
2 0 0 -3.0
2 0 1 -3.0
2 1 0 -6.0
2 1 1 -6.0
0 0.1 0.9